10
7707
23687
1510
16911
29239
19335
31531
3764
11560
17741
26192
15145
30823
8959
31533
11760
23094
25702
17089
29470
31016
30039
6869
19821
14563
26482
22748
23948
5157
29712
5150
21433
22533
23158
23317
24466
9340
28239
22551
21032
22051
27225
10550
9814
15678
23390
28517
25425
17914
14182
22748
3455
30195
29995
10941
6541
25337
14285
3575
5564
1812
25287
9066
32123
5573
10786
9037
27451
13967
29416
3021
7295
18614
6108
8951
31794
5191
26216
20440
10046
3160
26583
3811
8026
1681
19140
1427
8227
3052
210
31057
19055
9912
25758
11671
6622
20964
31730
27990
22706
